0.029988     1.0e-9
0.029992     1.0e-9
0.029996     3.0000
0.030000     1.0e-9
0.030004     1.0e-9
0.030008     1.0e-9
0.030012     3.0000
0.030016     1.0e-9
0.030020     1.0e-9
0.030024     3.0000
0.030030     1.0e-9
0.030034     1.0e-9
0.030038     3.0000
0.030042     1.0e-9
0.030040     1.0e-9
0.030044     3.0000
0.030050    1.0e-9
0.030054     1.0e-9
0.030058     1.0e-9
0.030062     3.0000
0.030066     1.0e-9
0.030070    1.0e-9
0.030074     3.0000
0.030078     1.0e-9
0.030082     1.0e-9
0.030086     3.0000
0.030090     1.0e-9
0.030094     1.0e-9
0.030098     3.0000
0.030102     1.0e-9
0.030106     1.0e-9
0.030110     3.0000
0.030114     3.0000
0.030118     3.0000
0.030122    1.0e-9
0.030126     1.0e-9
0.030130     3.0000
0.030134     1.0e-9
0.030138     1.0e-9
0.030142    1.0e-9
0.030146     3.0000
0.030150     1.0e-9
0.030154     1.0e-9
0.030158     3.0000
0.030162     1.0e-9
0.030166     1.0e-9
0.030170     3.0000
0.030174     1.0e-9
0.030178     1.0e-9
0.030182     3.0000
0.030186     1.0e-9
0.030190     1.0e-9
0.030194    1.0e-9
0.030198     3.0000
0.030202     1.0e-9
0.030206     1.0e-9
0.030210     3.0000
0.030214    1.0e-9
0.030218     1.0e-9
0.030222     3.0000
0.030226     1.0e-9
0.030230     1.0e-9
0.030234     3.0000
0.030238     1.0e-9
0.030242     1.0e-9
0.030246     1.0e-9
0.030250     3.0000
0.030254     1.0e-9
0.030258     1.0e-9
0.030262     3.0000
0.030266     1.0e-9
0.030270     1.0e-9
0.030274     3.0000
0.030278     1.0e-9
0.030282     1.0e-9
0.030286   3.0000
0.030290     1.0e-9
0.030294     1.0e-9
0.030298     3.0000
0.030302     1.0e-9
0.030306    1.0e-9
0.030310     1.0e-9
0.030314     3.0000
0.030318     1.0e-9
0.030322     1.0e-9
0.030326     3.0000
0.030330     1.0e-9
0.030334     1.0e-9
0.030338     3.0000
0.030342     1.0e-9
0.030346     1.0e-9
0.030350     1.0e-9
0.030354     3.0000
0.030358     1.0e-9
0.030362     1.0e-9
0.030366     3.0000
0.030370     1.0e-9
0.030374     1.0e-9
0.030378    3.0000
0.030382     1.0e-9
0.030386     1.0e-9
0.030390     3.0000
0.030394     1.0e-9
0.030398    1.0e-9
0.030402     1.0e-9
0.030406     3.0000
0.030410     1.0e-9
0.030414     1.0e-9
0.030418     3.0000
0.030422     1.0e-9
0.030426     1.0e-9
0.030430     3.0000
0.030434     1.0e-9
0.030438     1.0e-9
0.030442     3.0000
0.030446     1.0e-9
0.030450    1.0e-9
0.030454     3.0000
0.030458     1.0e-9
0.030462     1.0e-9
