0.029988     1.0e-9
0.029992     1.0e-9
0.029995     3.0000
0.029999     1.0e-9
0.030003     1.0e-9
0.030007     1.0e-9
0.030011     3.0000
0.030015     1.0e-9
0.030019     1.0e-9
0.030023     3.0000
0.030027     1.0e-9
0.030031     1.0e-9
0.030035     3.0000
0.030038     1.0e-9
0.030042     1.0e-9
0.030046     3.0000
0.03005     1.0e-9
0.030054     1.0e-9
0.030058     1.0e-9
0.030062     3.0000
0.030066     1.0e-9
0.03007     1.0e-9
0.030074     3.0000
0.030077     1.0e-9
0.030081     1.0e-9
0.030085     3.0000
0.030089     1.0e-9
0.030093     1.0e-9
0.030097     3.0000
0.030101     1.0e-9
0.030105     1.0e-9
0.030109     3.0000
0.030133     3.0000
0.030136     3.0000
0.03014     1.0e-9
0.030144     1.0e-9
0.030148     3.0000
0.030152     1.0e-9
0.030156     1.0e-9
0.03016     1.0e-9
0.030164     3.0000
0.030167     1.0e-9
0.030171     1.0e-9
0.030175     3.0000
0.030179     1.0e-9
0.030183     1.0e-9
0.030187     3.0000
0.030191     1.0e-9
0.030195     1.0e-9
0.030199     3.0000
0.030202     1.0e-9
0.030207     1.0e-9
0.03021     1.0e-9
0.030214     3.0000
0.030218     1.0e-9
0.030222     1.0e-9
0.030226     3.0000
0.03023     1.0e-9
0.030234     1.0e-9
0.030238     3.0000
0.030242     1.0e-9
0.030245     1.0e-9
0.030249     3.0000
0.030253     1.0e-9
0.030257     1.0e-9
0.030261     1.0e-9
0.030265     3.0000
0.030269     1.0e-9
0.030273     1.0e-9
0.030277     3.0000
0.030281     1.0e-9
0.030284     1.0e-9
0.030289     3.0000
0.030292     1.0e-9
0.030296     1.0e-9
0.0303     3.0000
0.030304     1.0e-9
0.030308     1.0e-9
0.030312     3.0000
0.030316     1.0e-9
0.03032     1.0e-9
0.030324     1.0e-9
0.030328     3.0000
0.030331     1.0e-9
0.030335     1.0e-9
0.030339     3.0000
0.030343     1.0e-9
0.030347     1.0e-9
0.030351     3.0000
0.030355     1.0e-9
0.030359     1.0e-9
0.030363     1.0e-9
0.030367     3.0000
0.030371     1.0e-9
0.030374     1.0e-9
0.030378     3.0000
0.030382     1.0e-9
0.030386     1.0e-9
0.03039     3.0000
0.030394     1.0e-9
0.030398     1.0e-9
0.030402     3.0000
0.030406     1.0e-9
0.03041     1.0e-9
0.030413     1.0e-9
0.030417     3.0000
0.030421     1.0e-9
0.030425     1.0e-9
0.030429     3.0000
0.030433     1.0e-9
0.030437     1.0e-9
0.030441     3.0000
0.030445     1.0e-9
0.030449     1.0e-9
0.030453     3.0000
0.030456     1.0e-9
0.03046     1.0e-9
0.030464     3.0000
0.030468     1.0e-9
0.030472     1.0e-9
